time_stamp	px_state	py_state	v_state	yaw_angle_state	yaw_rate_state	sensor_type	NIS	px_measured	py_measured	px_ground_truth	py_ground_truth	vx_ground_truth	vy_ground_truth
1477010443000000	0.312243	0.58034	0	0	0	lidar	7.10021e-315	0.312243	0.58034	0.6	0.6	5.19994	0
1477010443050000	0.714343	0.588512	7.07429	7.04014e-18	-5.89457e-18	radar	74.3391	0.862916	0.534212	0.859997	0.600045	5.19975	0.00179686
1477010443100000	1.16102	0.493478	7.07668	-0.0688147	-0.00827575	lidar	0.184996	1.17385	0.481073	1.11998	0.600225	5.19943	0.00538996
1477010443150000	1.27665	0.513682	7.07176	0.192023	0.0387293	radar	1.81005	0.969149	0.397513	1.37996	0.600629	5.19898	0.0107781
1477010443200000	1.61358	0.594652	7.09102	0.245132	0.0529749	lidar	0.201401	1.65063	0.62469	1.6399	0.601347	5.19839	0.0179597
1477010443250000	1.82135	0.56977	6.33574	0.0936171	-0.0572112	radar	4.24094	1.62331	0.499091	1.89982	0.60247	5.19766	0.0269323
1477010443300000	2.15299	0.616066	6.35028	0.10834	-0.0293397	lidar	0.160288	2.18882	0.648739	2.1597	0.604086	5.19678	0.0376932
1477010443350000	2.36899	0.643388	5.59296	0.0898113	-0.212134	radar	7.75531	1.96701	0.557117	2.41954	0.606284	5.19573	0.0502389
1477010443400000	2.64778	0.666418	5.59559	0.0783431	-0.216255	lidar	0.00331437	2.65526	0.66598	2.67932	0.609155	5.1945	0.0645654
1477010443450000	2.91485	0.656343	5.51106	0.0208641	-0.415782	radar	0.485645	2.92034	0.645898	2.93904	0.612786	5.19309	0.080668
1477010443500000	3.15004	0.653806	5.46828	0.00530161	-0.389769	lidar	1.08935	3.01222	0.637046	3.19869	0.617267	5.19147	0.0985415
1477010443550000	3.43786	0.546149	5.50434	-0.157488	-0.873103	radar	1.50231	3.56096	0.485311	3.45825	0.622685	5.18963	0.11818
1477010443600000	3.74287	0.431166	5.57759	-0.287958	-1.13804	lidar	2.24119	3.89365	0.311793	3.71772	0.62913	5.18754	0.139576
1477010443650000	4.02231	0.517003	5.54054	-0.143072	-0.570646	radar	4.06332	4.19786	0.698311	3.97708	0.636689	5.18519	0.162724
1477010443700000	4.29634	0.50816	5.52286	-0.137805	-0.487263	lidar	0.337591	4.30935	0.578564	4.23632	0.645449	5.18256	0.187614
1477010443750000	4.55611	0.544492	5.43426	-0.095724	-0.339427	radar	1.92738	4.61908	0.68951	4.49542	0.655498	5.17962	0.214238
1477010443800000	4.74259	0.653983	5.25984	0.0110285	-0.0738916	lidar	12.407	4.35143	0.899174	4.75437	0.666921	5.17634	0.242587
1477010443850000	4.99469	0.652363	5.19229	0.00175741	-0.0852735	radar	1.76097	5.20901	0.66599	5.01315	0.679804	5.1727	0.272649
1477010443900000	5.29625	0.647265	5.24938	-0.00862562	-0.0979536	lidar	2.62957	5.51894	0.648233	5.27175	0.694234	5.16867	0.304413
1477010443950000	5.55452	0.654193	5.27605	-0.00397726	-0.07982	radar	1.7378	5.22834	0.639362	5.53013	0.710295	5.16422	0.337868
1477010444000000	5.84881	0.669176	5.31336	0.00234338	-0.0632851	lidar	1.67314	6.022	0.708619	5.78828	0.728072	5.15932	0.372999
1477010444050000	6.09206	0.594519	5.24622	-0.0526283	-0.147635	radar	3.61586	5.89392	0.373584	6.04618	0.747647	5.15393	0.409793
1477010444100000	6.34696	0.708378	5.22003	0.0229583	-0.0200481	lidar	3.94687	6.34249	0.948833	6.30379	0.769103	5.14803	0.448233
1477010444150000	6.59759	0.73911	5.18073	0.0369109	0.00163485	radar	0.599494	6.62134	0.836138	6.5611	0.792523	5.14157	0.488305
1477010444200000	6.84514	0.737813	5.1678	0.0309121	-0.00686008	lidar	0.242833	6.78214	0.714036	6.81808	0.817988	5.13452	0.52999
1477010444250000	7.08886	0.720217	5.08684	0.0145438	-0.0306565	radar	2.94639	7.29121	0.630741	7.07469	0.845578	5.12685	0.573269
1477010444300000	7.30871	0.804673	5.0394	0.0594134	0.0325996	lidar	3.14684	7.13735	0.957217	7.3309	0.875373	5.11851	0.618123
1477010444350000	7.60028	0.815145	5.14584	0.0581161	0.0291167	radar	4.43039	8.08349	0.819605	7.58668	0.907449	5.10946	0.664531
1477010444400000	7.85062	0.794428	5.13809	0.0406386	0.00452187	lidar	0.47506	7.80533	0.719126	7.84199	0.941886	5.09966	0.712469
1477010444450000	8.10078	0.810922	5.08216	0.0432248	0.00630075	radar	2.38661	8.40453	0.884557	8.0968	0.978759	5.08907	0.761915
1477010444500000	8.33824	0.829423	5.06153	0.0479103	0.012055	lidar	0.435212	8.24796	0.840322	8.35106	1.01814	5.07766	0.812843
1477010444550000	8.60627	0.916385	5.15056	0.0873456	0.0628953	radar	7.06767	8.45858	1.41118	8.60472	1.06011	5.06537	0.865226
1477010444600000	8.84354	0.976394	5.12745	0.109802	0.0874887	lidar	0.853882	8.74615	1.04858	8.85775	1.10473	5.05216	0.919037
1477010444650000	9.1324	1.01413	5.18538	0.117392	0.0910994	radar	6.78139	9.8809	1.1419	9.1101	1.15208	5.03798	0.974245
1477010444700000	9.36965	1.04865	5.15996	0.124557	0.0946605	lidar	0.676215	9.25579	1.04913	9.36172	1.20223	5.0228	1.03082
1477010444750000	9.64832	1.1205	5.21238	0.147419	0.1172	radar	4.58828	10.1016	1.52474	9.61255	1.25524	5.00656	1.08873
1477010444800000	9.92106	1.24996	5.24352	0.196466	0.171333	lidar	3.30435	10.0484	1.44598	9.86254	1.31118	4.98922	1.14794
1477010444850000	10.1698	1.34033	5.18688	0.225435	0.198928	radar	4.78153	10.5377	1.72555	10.1117	1.37011	4.97074	1.20841
1477010444900000	10.395	1.42296	5.15647	0.248412	0.215889	lidar	1.21448	10.2492	1.45907	10.3598	1.4321	4.95106	1.2701
1477010444950000	10.6272	1.50926	5.07099	0.273699	0.237814	radar	4.02254	10.9084	1.70343	10.6069	1.49721	4.93014	1.33298
1477010445000000	10.8532	1.5416	5.0388	0.269102	0.217519	lidar	1.25419	10.7313	1.45265	10.853	1.56549	4.90794	1.39701
1477010445050000	11.1183	1.59304	5.08122	0.269116	0.202412	radar	1.92233	11.4783	1.42876	11.0979	1.637	4.8844	1.46213
1477010445100000	11.3974	1.63978	5.11888	0.265525	0.184456	lidar	1.94445	11.587	1.61462	11.3416	1.71179	4.85948	1.52832
1477010445150000	11.6288	1.69791	5.07247	0.272373	0.182856	radar	0.869722	11.4763	1.53917	11.584	1.78992	4.83313	1.59551
1477010445200000	11.859	1.76311	5.05403	0.280938	0.182363	lidar	0.349682	11.7788	1.74591	11.8251	1.87144	4.80531	1.66366
1477010445250000	12.1141	1.85328	5.11185	0.296249	0.188164	radar	1.41477	12.136	2.14937	12.0647	1.95639	4.77598	1.73273
1477010445300000	12.3574	1.8818	5.09328	0.283361	0.160237	lidar	0.689639	12.3226	1.78353	12.3029	2.04482	4.74508	1.80265
1477010445350000	12.6131	1.94239	5.138	0.283042	0.147758	radar	0.967167	12.5457	1.77728	12.5394	2.13677	4.71257	1.87338
1477010445400000	12.813	2.07827	5.10535	0.325567	0.192205	lidar	3.30329	12.5924	2.17509	12.7743	2.23227	4.67842	1.94485
1477010445450000	13.079	2.18556	5.1978	0.340828	0.195254	radar	3.4963	13.2198	2.6644	13.0075	2.33137	4.64258	2.01701
1477010445500000	13.282	2.32784	5.17029	0.38107	0.233686	lidar	2.50812	13.0875	2.40708	13.2388	2.43409	4.605	2.08981
1477010445550000	13.4618	2.47645	5.06024	0.429169	0.285858	radar	10.8055	12.7087	3.12439	13.4682	2.54047	4.56565	2.16317
1477010445600000	13.7113	2.5911	5.08954	0.444216	0.286419	lidar	0.867581	13.836	2.62479	13.6955	2.65053	4.52448	2.23703
1477010445650000	13.9307	2.70603	5.0697	0.462838	0.293233	radar	0.196112	13.8302	2.73893	13.9208	2.7643	4.48147	2.31134
1477010445700000	14.1591	2.85891	5.09483	0.494357	0.313747	lidar	0.572433	14.2106	2.94205	14.1439	2.88179	4.43656	2.38601
1477010445750000	14.4089	2.96794	5.1619	0.494616	0.288111	radar	1.55496	14.5568	2.87021	14.3646	3.00303	4.38974	2.46099
1477010445800000	14.6165	3.03888	5.10675	0.488533	0.263686	lidar	2.271	14.4616	2.90734	14.583	3.12802	4.34097	2.5362
1477010445850000	14.8472	3.19247	5.16769	0.511621	0.27135	radar	3.78835	14.6754	3.96041	14.7989	3.25679	4.29021	2.61157
1477010445900000	15.0543	3.38483	5.19158	0.556457	0.309543	lidar	1.06582	15.0261	3.5067	15.0122	3.38932	4.23744	2.68703
1477010445950000	15.2648	3.5531	5.17898	0.589568	0.335209	radar	2.5002	15.3685	4.14761	15.2228	3.52563	4.18263	2.76249
1477010446000000	15.4784	3.73943	5.20908	0.623682	0.356044	lidar	0.613027	15.5236	3.82936	15.4306	3.66572	4.12575	2.83789
1477010446050000	15.6899	3.87458	5.19541	0.633416	0.346546	radar	1.00092	15.7234	3.4105	15.6355	3.80957	4.06678	2.91315
1477010446100000	15.9124	4.01578	5.20017	0.641742	0.335455	lidar	0.25037	15.9774	4.00094	15.8375	3.95719	4.00571	2.98817
1477010446150000	16.1072	4.18121	5.15487	0.670596	0.35839	radar	1.76629	16.3376	4.21632	16.0363	4.10854	3.94251	3.0629
1477010446200000	16.305	4.37457	5.17964	0.701702	0.374062	lidar	0.347131	16.3313	4.44499	16.2319	4.26363	3.87716	3.13723
1477010446250000	16.515	4.53904	5.19706	0.714183	0.364708	radar	0.659522	16.7586	4.48231	16.4242	4.42242	3.80966	3.21109
1477010446300000	16.694	4.70564	5.17649	0.734071	0.367071	lidar	0.475769	16.6039	4.67344	16.613	4.5849	3.74	3.28438
1477010446350000	16.8456	4.90209	5.08728	0.783448	0.422841	radar	4.49774	16.9236	5.10119	16.7983	4.75103	3.66817	3.35704
1477010446400000	17.0102	5.12531	5.11528	0.823739	0.445575	lidar	0.504695	16.9955	5.21099	16.9799	4.92077	3.59416	3.42897
1477010446450000	17.1795	5.29772	5.08305	0.843303	0.446617	radar	1.75625	17.3421	4.64623	17.1579	5.09409	3.51797	3.50008
1477010446500000	17.3398	5.47651	5.06406	0.862751	0.443518	lidar	0.224957	17.2894	5.43542	17.3319	5.27094	3.4396	3.57028
1477010446550000	17.4951	5.64832	5.01585	0.883375	0.448048	radar	3.26811	17.6463	4.74597	17.5019	5.45128	3.35907	3.63949
1477010446600000	17.6903	5.76874	4.96705	0.86903	0.404934	lidar	1.96529	17.7853	5.62476	17.6679	5.63506	3.27637	3.70762
1477010446650000	17.8324	5.96765	4.93172	0.903554	0.43159	radar	1.06461	17.9216	6.07151	17.8297	5.82221	3.19151	3.77458
1477010446700000	18.0077	6.15494	4.94369	0.915056	0.419316	lidar	0.761829	18.1263	6.16985	17.9872	6.01269	3.10453	3.84027
1477010446750000	18.1566	6.36337	4.95734	0.93948	0.423171	radar	0.672387	18.1245	6.79027	18.1402	6.20641	3.01542	3.90462
1477010446800000	18.2785	6.599	4.98017	0.978468	0.444084	lidar	0.499559	18.2164	6.66138	18.2888	6.40332	2.92421	3.96753
1477010446850000	18.4095	6.81392	4.97654	1.00692	0.454579	radar	0.237341	18.4022	7.02231	18.4328	6.60333	2.83093	4.0289
1477010446900000	18.5591	6.94897	4.89749	0.999908	0.42064	lidar	2.22544	18.5422	6.76013	18.572	6.80638	2.7356	4.08867
1477010446950000	18.7086	7.15498	4.92967	1.00856	0.398094	radar	0.658614	18.8089	7.24388	18.7064	7.01237	2.63825	4.14672
1477010447000000	18.9075	7.29101	4.88601	0.983704	0.345942	lidar	4.09057	19.1441	7.18344	18.8359	7.22122	2.53893	4.20299
1477010447050000	18.9945	7.49631	4.81726	1.02668	0.39044	radar	4.08128	18.5479	7.4012	18.9604	7.43283	2.43767	4.25737
1477010447100000	19.0854	7.75764	4.86509	1.07249	0.420875	lidar	1.14546	19.0138	7.8688	19.0798	7.64712	2.3345	4.3098
1477010447150000	19.2063	7.96489	4.86576	1.08715	0.410898	radar	0.295641	19.3089	7.67375	19.1939	7.86397	2.22949	4.36017
1477010447200000	19.2858	8.18014	4.84533	1.11816	0.423387	lidar	1.38456	19.132	8.12845	19.3028	8.08329	2.12266	4.40842
1477010447250000	19.3851	8.39083	4.84687	1.13361	0.40995	radar	2.28197	19.0239	8.17194	19.4062	8.30497	2.01409	4.45445
1477010447300000	19.481	8.53844	4.74803	1.13674	0.391116	lidar	3.94166	19.347	8.30741	19.5042	8.5289	1.90381	4.49819
1477010447350000	19.5717	8.74774	4.72485	1.16046	0.4009	radar	0.575913	19.6843	8.35902	19.5966	8.75494	1.7919	4.53956
1477010447400000	19.7347	8.92009	4.70081	1.14361	0.358589	lidar	4.17054	20.0039	8.8906	19.6835	8.983	1.67841	4.57848
1477010447450000	19.8074	9.14233	4.67838	1.17872	0.388289	radar	1.02882	19.6061	9.48659	19.7645	9.21294	1.56341	4.61488
1477010447500000	19.9382	9.36643	4.70929	1.1836	0.371198	lidar	2.97686	20.1574	9.45949	19.8398	9.44463	1.44697	4.64869
1477010447550000	19.9825	9.58963	4.66206	1.23116	0.421518	radar	2.71955	19.6163	9.76606	19.9093	9.67795	1.32916	4.67984
1477010447600000	20.0699	9.82852	4.69296	1.25172	0.420593	lidar	0.73968	20.1573	9.90876	19.9728	9.91275	1.21005	4.70826
1477010447650000	20.1304	10.0769	4.73468	1.2778	0.419878	radar	7.1414	19.1911	11.5493	20.0303	10.1489	1.08972	4.73389
1477010447700000	20.178	10.3487	4.79052	1.31506	0.437741	lidar	0.895019	20.166	10.4687	20.0818	10.3863	0.968259	4.75666
1477010447750000	20.1931	10.5856	4.76022	1.36492	0.484171	radar	2.92382	19.6775	10.803	20.1271	10.6247	0.845742	4.77652
1477010447800000	20.2514	10.8576	4.81941	1.39132	0.4857	lidar	2.01131	20.371	11.0109	20.1663	10.864	0.722256	4.7934
1477010447850000	20.2804	11.1138	4.8494	1.42011	0.486069	radar	4.88327	19.4335	12.3402	20.1993	11.1041	0.597892	4.80727
1477010447900000	20.3146	11.3521	4.84743	1.44381	0.485431	lidar	0.00111341	20.3164	11.3483	20.2261	11.3449	0.472738	4.81807
1477010447950000	20.2588	11.6022	4.80774	1.52441	0.579836	radar	10.5893	19.2063	12.2418	20.2466	11.5861	0.346889	4.82575
1477010448000000	20.3308	11.8419	4.81609	1.5278	0.551132	lidar	4.82433	20.6141	11.9422	20.2608	11.8275	0.220439	4.83027
1477010448050000	20.3578	12.0756	4.83164	1.53026	0.499717	radar	3.74545	19.966	11.9688	20.2687	12.0692	0.093487	4.83159
1477010448100000	20.3443	12.3618	4.89732	1.56783	0.512016	lidar	1.10765	20.3263	12.4966	20.2701	12.3108	-0.0338694	4.82968
1477010448150000	20.2935	12.601	4.86559	1.62836	0.574844	radar	3.16462	20.0192	12.4823	20.2652	12.5522	-0.161529	4.82451
1477010448200000	20.3189	12.84	4.85946	1.63993	0.556148	lidar	1.8826	20.498	12.8924	20.254	12.7933	-0.28939	4.81605
1477010448250000	20.3063	13.0716	4.8409	1.6662	0.558111	radar	2.10531	20.9151	12.2555	20.2363	13.0339	-0.417348	4.80428
1477010448300000	20.2712	13.285	4.80111	1.69608	0.561248	lidar	1.03163	20.1943	13.1688	20.2122	13.2738	-0.545298	4.78918
1477010448350000	20.2328	13.5199	4.80227	1.72176	0.552274	radar	1.29966	19.858	13.5236	20.1818	13.5129	-0.673135	4.77072
1477010448400000	20.2124	13.778	4.83137	1.74253	0.544109	lidar	1.31474	20.3245	13.8896	20.1449	13.7509	-0.800753	4.74892
1477010448450000	20.1564	14.0057	4.81422	1.77948	0.56331	radar	0.840543	20.3387	13.5307	20.1017	13.9878	-0.928043	4.72374
1477010448500000	20.101	14.2604	4.84515	1.80852	0.563533	lidar	0.34649	20.1216	14.337	20.0521	14.2233	-1.0549	4.69521
1477010448550000	20.0292	14.4895	4.84156	1.8398	0.564902	radar	1.37724	19.6717	14.4038	19.9962	14.4573	-1.18121	4.66331
1477010448600000	19.9204	14.7436	4.88794	1.88329	0.580296	lidar	1.18589	19.781	14.773	19.934	14.6897	-1.30687	4.62805
1477010448650000	19.8543	14.9619	4.86902	1.89914	0.55283	radar	3.41252	20.1149	14.0165	19.8655	14.9202	-1.43177	4.58944
1477010448700000	19.8241	15.1797	4.83119	1.90801	0.533599	lidar	2.18698	20.0208	15.2053	19.7908	15.1486	-1.55581	4.54751
1477010448750000	19.6908	15.3897	4.80907	1.98641	0.639475	radar	7.82377	20.0157	15.3443	19.7099	15.3749	-1.67887	4.50226
1477010448800000	19.6617	15.5781	4.73058	1.99403	0.615156	lidar	3.66529	19.9131	15.554	19.6229	15.5989	-1.80085	4.45372
1477010448850000	19.5683	15.7834	4.71535	2.01982	0.605436	radar	1.35827	19.9388	15.0864	19.5298	15.8203	-1.92164	4.40193
1477010448900000	19.4645	15.9967	4.71821	2.04925	0.60445	lidar	0.0147602	19.4748	16.0098	19.4307	16.039	-2.04114	4.3469
1477010448950000	19.3636	16.2051	4.71589	2.06371	0.569236	radar	1.85282	19.1556	16.0022	19.3257	16.2549	-2.15925	4.28868
1477010449000000	19.2543	16.3826	4.67244	2.09358	0.571835	lidar	0.693016	19.238	16.2719	19.2148	16.4679	-2.27586	4.22731
1477010449050000	19.1365	16.5792	4.66555	2.12321	0.574944	radar	0.274356	19.4007	16.2962	19.0981	16.6777	-2.39087	4.16284
1477010449100000	19.0062	16.7893	4.68776	2.15191	0.574352	lidar	0.139254	19.0029	16.8387	18.9757	16.8841	-2.50418	4.0953
1477010449150000	18.8489	16.9812	4.70212	2.21249	0.64361	radar	6.48878	18.8373	17.7112	18.8477	17.0872	-2.61571	4.02476
1477010449200000	18.6748	17.2162	4.79159	2.24717	0.644044	lidar	1.84457	18.6148	17.3832	18.7142	17.2866	-2.72534	3.95127
1477010449250000	18.5733	17.4209	4.77171	2.22898	0.543674	radar	6.12969	18.8177	17.0316	18.5752	17.4822	-2.83299	3.87489
1477010449300000	18.3594	17.6127	4.8329	2.27634	0.563359	lidar	3.83112	18.1023	17.5529	18.4309	17.674	-2.93858	3.79568
1477010449350000	18.2233	17.8045	4.82366	2.27835	0.508938	radar	2.32431	18.2749	17.4877	18.2814	17.8617	-3.042	3.71372
1477010449400000	18.092	17.9907	4.80544	2.29425	0.499372	lidar	0.905579	18.2094	18.0461	18.1268	18.0453	-3.14318	3.62906
1477010449450000	17.9161	18.1453	4.79042	2.33859	0.536412	radar	2.03355	18.3021	17.498	17.9671	18.2246	-3.24204	3.5418
1477010449500000	17.7853	18.2879	4.72101	2.35997	0.532237	lidar	1.09882	17.9018	18.2183	17.8026	18.3994	-3.3385	3.45199
1477010449550000	17.6521	18.4691	4.70481	2.36669	0.502859	radar	6.63743	18.8558	18.1364	17.6334	18.5697	-3.43247	3.35973
1477010449600000	17.4576	18.6508	4.75237	2.39441	0.50457	lidar	0.4879	17.3845	18.7039	17.4595	18.7353	-3.5239	3.26509
1477010449650000	17.2769	18.7918	4.73696	2.4302	0.524188	radar	1.78198	17.7945	18.0801	17.281	18.8962	-3.61271	3.16817
1477010449700000	17.1157	18.9285	4.69802	2.45463	0.523088	lidar	0.324676	17.1762	18.8863	17.0983	19.0521	-3.69883	3.06904
1477010449750000	16.9485	19.0988	4.70592	2.46631	0.500924	radar	3.0261	16.9398	19.7311	16.9113	19.203	-3.78221	2.9678
1477010449800000	16.7315	19.2146	4.70836	2.50698	0.517271	lidar	2.71717	16.5734	19.052	16.7201	19.3488	-3.86278	2.86455
1477010449850000	16.5413	19.3679	4.72641	2.53119	0.519945	radar	3.24368	16.1674	20.2201	16.5251	19.4894	-3.9405	2.75938
1477010449900000	16.3161	19.5292	4.7906	2.55681	0.518215	lidar	0.864429	16.2338	19.6171	16.3262	19.6246	-4.01531	2.65237
1477010449950000	16.0932	19.6122	4.77211	2.60864	0.558471	radar	10.0917	16.4366	18.2742	16.1237	19.7545	-4.08716	2.54364
1477010450000000	15.8877	19.7562	4.79596	2.62888	0.549902	lidar	0.770845	15.9243	19.8703	15.9176	19.8789	-4.15602	2.43329
1477010450050000	15.6993	19.881	4.76709	2.63302	0.50046	radar	3.19999	16.2328	19.2166	15.7082	19.9978	-4.22185	2.32141
1477010450100000	15.4684	20.0344	4.83123	2.65062	0.491191	lidar	1.34389	15.4332	20.1836	15.4956	20.111	-4.28461	2.2081
1477010450150000	15.2566	20.1766	4.85437	2.66157	0.470453	radar	5.66053	14.3677	21.3406	15.2799	20.2185	-4.34427	2.09347
1477010450200000	15.0683	20.3083	4.83883	2.67281	0.457974	lidar	1.83907	15.2016	20.4385	15.0613	20.3203	-4.4008	1.97763
1477010450250000	14.8378	20.3908	4.83834	2.71093	0.482217	radar	2.16271	14.7476	19.9571	14.84	20.4162	-4.4542	1.86068
1477010450300000	14.6221	20.51	4.84932	2.7275	0.474166	lidar	0.623495	14.6665	20.6088	14.6161	20.5063	-4.50443	1.74272
1477010450350000	14.3852	20.5972	4.86806	2.7643	0.501143	radar	1.29697	13.841	21.0031	14.3897	20.5904	-4.55149	1.62386
1477010450400000	14.1388	20.6713	4.88348	2.79662	0.508414	lidar	0.729202	14.0521	20.5924	14.1611	20.6686	-4.59537	1.50421
1477010450450000	13.9016	20.7428	4.89269	2.83233	0.530072	radar	0.368447	13.8232	20.859	13.9304	20.7408	-4.63606	1.38386
1477010450500000	13.6275	20.8064	4.94196	2.86723	0.537806	lidar	1.72515	13.4686	20.7253	13.6977	20.807	-4.67357	1.26294
1477010450550000	13.379	20.8374	4.94965	2.92107	0.590468	radar	2.34457	13.8263	20.4261	13.4632	20.8671	-4.70789	1.14153
1477010450600000	13.133	20.8781	4.94859	2.95441	0.594489	lidar	0.160951	13.1072	20.8294	13.2271	20.9211	-4.73904	1.01975
1477010450650000	12.9011	20.9369	4.93985	2.97555	0.582922	radar	1.7806	13.2669	21.1579	12.9895	20.969	-4.76702	0.897694
1477010450700000	12.7017	20.9801	4.87981	2.99835	0.577983	lidar	1.94056	12.8729	21.0592	12.7506	21.0108	-4.79186	0.775469
1477010450750000	12.4489	21.021	4.90318	3.0262	0.578649	radar	2.56139	11.5171	21.6724	12.5106	21.0465	-4.81358	0.653175
1477010450800000	12.2022	21.058	4.91361	3.05091	0.573866	lidar	0.148496	12.2062	21.11	12.2695	21.0761	-4.83219	0.530912
1477010450850000	11.9636	21.0779	4.91023	3.08202	0.581945	radar	0.942661	12.3859	21.1066	12.0276	21.0996	-4.84773	0.408778
1477010450900000	11.7212	21.048	4.88859	3.12605	0.598497	lidar	1.88555	11.6814	20.8651	11.785	21.117	-4.86022	0.286869
1477010450950000	11.4742	21.0347	4.88761	3.1613	0.604475	radar	1.07228	11.5265	20.6748	11.5418	21.1283	-4.86971	0.165281
1477010451000000	11.2587	21.0276	4.84579	3.19035	0.604555	lidar	0.693555	11.363	21.0688	11.2982	21.1335	-4.87623	0.0441057
1477010451050000	11.0046	20.9891	4.85783	3.22974	0.61441	radar	4.12477	10.5558	20.5567	11.0544	21.1327	-4.87982	-0.076565
1477010451100000	10.7949	20.9504	4.80706	3.26581	0.621867	lidar	0.577068	10.8903	20.927	10.8105	21.1259	-4.88053	-0.196643
1477010451150000	10.547	20.9498	4.79576	3.26974	0.568259	radar	5.64675	9.30535	21.3896	10.5666	21.1131	-4.8784	-0.31604
1477010451200000	10.2654	20.9782	4.87292	3.27261	0.537796	lidar	3.41683	10.189	21.209	10.3229	21.0943	-4.87349	-0.434674
1477010451250000	10.0266	20.9598	4.8686	3.29142	0.526332	radar	1.02137	9.97958	21.2932	10.0795	21.0697	-4.86585	-0.552463
1477010451300000	9.83362	20.9202	4.79822	3.32014	0.531065	lidar	1.67345	9.99634	20.9797	9.83658	21.0391	-4.85554	-0.669327
1477010451350000	9.59958	20.9119	4.76562	3.31759	0.475944	radar	2.29654	9.38223	21.111	9.59422	21.0028	-4.84262	-0.785189
1477010451400000	9.40726	20.8596	4.70308	3.34727	0.484044	lidar	1.02406	9.53921	20.8762	9.35258	20.9607	-4.82714	-0.899977
1477010451450000	9.18654	20.8177	4.69276	3.36977	0.48427	radar	1.47692	9.63392	20.9724	9.11177	20.9128	-4.80919	-1.01362
1477010451500000	8.89285	20.7873	4.79087	3.37854	0.465036	lidar	2.24534	8.70331	20.8221	8.87192	20.8594	-4.78881	-1.12605
1477010451550000	8.67879	20.7074	4.76967	3.41383	0.4821	radar	4.44965	9.84634	20.009	8.63315	20.8003	-4.76608	-1.2372
1477010451600000	8.40217	20.6242	4.84218	3.43956	0.4822	lidar	2.79048	8.22277	20.4839	8.39557	20.7358	-4.74108	-1.34701
1477010451650000	8.17371	20.5439	4.84638	3.469	0.492105	radar	0.103794	8.29647	20.4978	8.1593	20.6657	-4.71387	-1.45542
1477010451700000	7.93118	20.4642	4.86734	3.4916	0.489435	lidar	0.127813	7.88599	20.45	7.92445	20.5903	-4.68453	-1.56237
1477010451750000	7.71531	20.3776	4.87069	3.52538	0.512111	radar	3.49869	8.29081	20.6565	7.69111	20.5096	-4.65313	-1.66781
1477010451800000	7.40549	20.3205	4.98845	3.52506	0.480949	lidar	3.45187	7.18029	20.392	7.45939	20.4237	-4.61975	-1.7717
1477010451850000	7.17337	20.224	4.9866	3.54706	0.475539	radar	0.219507	7.09214	20.1196	7.22939	20.3326	-4.58448	-1.87399
1477010451900000	6.90838	20.1417	5.03596	3.55812	0.460478	lidar	0.661048	6.81542	20.1859	7.00119	20.2364	-4.54738	-1.97462
1477010451950000	6.68278	20.0503	5.01959	3.57393	0.448119	radar	0.48248	6.89359	20.1536	6.7749	20.1352	-4.50854	-2.07357
1477010452000000	6.43474	19.9591	5.04553	3.58668	0.436993	lidar	0.307723	6.38914	20.0137	6.55059	20.0292	-4.46805	-2.17079
1477010452050000	6.21769	19.8655	5.02733	3.60418	0.433231	radar	2.85296	6.67637	20.2142	6.32834	19.9183	-4.42598	-2.26625
1477010452100000	5.9545	19.7723	5.07634	3.61101	0.415974	lidar	0.756974	5.86119	19.8306	6.10823	19.8027	-4.38241	-2.35993
1477010452150000	5.72498	19.6263	5.11836	3.65038	0.450347	radar	1.95753	5.28178	19.5036	5.89034	19.6824	-4.33744	-2.45178
1477010452200000	5.54965	19.5029	5.05101	3.68066	0.460222	lidar	1.42469	5.69089	19.5755	5.67472	19.5577	-4.29114	-2.5418
1477010452250000	5.34835	19.3536	5.04496	3.71442	0.475292	radar	1.76212	5.9506	18.9859	5.46145	19.4284	-4.24359	-2.62995
1477010452300000	5.13538	19.2519	5.03142	3.72473	0.460766	lidar	1.92763	5.17021	19.4397	5.25059	19.2948	-4.19488	-2.71622
1477010452350000	4.94389	19.1403	4.97011	3.73429	0.43514	radar	4.66519	5.87397	19.301	5.04219	19.157	-4.1451	-2.80059
1477010452400000	4.78233	18.9889	4.91719	3.76943	0.451288	lidar	0.743104	4.89149	18.982	4.8363	19.015	-4.09432	-2.88305
1477010452450000	4.57341	18.8387	4.95153	3.79506	0.461609	radar	1.48368	3.98679	19.0452	4.63297	18.8689	-4.04263	-2.96359
1477010452500000	4.39658	18.7068	4.91592	3.81566	0.459688	lidar	1.12191	4.4685	18.834	4.43224	18.7188	-3.99012	-3.0422
1477010452550000	4.21494	18.5647	4.87222	3.82987	0.43998	radar	1.34494	4.69245	18.4634	4.23416	18.5648	-3.93685	-3.11888
1477010452600000	4.09143	18.4092	4.79028	3.86825	0.460623	lidar	2.0137	4.26269	18.481	4.03876	18.4071	-3.88293	-3.19362
1477010452650000	3.9072	18.2362	4.86839	3.9079	0.501965	radar	7.19986	3.42434	18.8357	3.84606	18.2457	-3.82841	-3.26644
1477010452700000	3.65035	18.0952	4.95259	3.89934	0.46118	lidar	2.65867	3.45919	18.167	3.65611	18.0807	-3.77339	-3.33732
1477010452750000	3.48817	17.9447	4.88556	3.91212	0.438019	radar	3.40286	4.3011	17.9267	3.46891	17.9122	-3.71795	-3.40627
1477010452800000	3.26072	17.7779	4.94798	3.91607	0.41583	lidar	1.17178	3.12525	17.7493	3.28449	17.7402	-3.66215	-3.47331
1477010452850000	3.08086	17.5939	4.9953	3.94692	0.440148	radar	2.37828	2.65664	17.888	3.10287	17.565	-3.60609	-3.53844
1477010452900000	2.90226	17.4763	4.9544	3.94706	0.416126	lidar	6.1412	2.9449	17.8154	2.92405	17.3866	-3.54982	-3.60167
1477010452950000	2.75987	17.2596	4.99737	3.99889	0.468795	radar	3.12992	3.26647	17.0897	2.74805	17.2051	-3.49344	-3.66302
1477010453000000	2.58465	17.0736	5.0099	4.01645	0.461783	lidar	0.0690083	2.55407	17.0853	2.57486	17.0205	-3.437	-3.72251
1477010453050000	2.42112	16.9077	4.94273	4.01921	0.422712	radar	2.11607	2.55039	16.8884	2.4045	16.833	-3.38059	-3.78014
1477010453100000	2.257	16.7355	4.93543	4.03212	0.413442	lidar	0.511659	2.25371	16.8334	2.23695	16.6427	-3.32428	-3.83595
1477010453150000	2.08242	16.5401	4.93073	4.03943	0.387445	radar	4.97982	1.57735	16.0489	2.07221	16.4497	-3.26812	-3.88995
1477010453200000	1.92761	16.3097	4.96695	4.06767	0.396834	lidar	2.25521	1.88972	16.1054	1.91027	16.254	-3.21219	-3.94216
1477010453250000	1.77115	16.1338	4.92387	4.07133	0.36855	radar	1.03624	1.74362	16.2687	1.75112	16.0557	-3.15656	-3.99261
1477010453300000	1.56554	15.9655	4.95912	4.06009	0.333566	lidar	1.73409	1.44745	16.0853	1.59474	15.8549	-3.10129	-4.04132
1477010453350000	1.43839	15.7342	5.00986	4.10291	0.377851	radar	2.06443	1.6097	15.5526	1.44111	15.6517	-3.04644	-4.08832
1477010453400000	1.26552	15.5162	5.05348	4.1132	0.367076	lidar	0.797697	1.18395	15.4284	1.29021	15.4463	-2.99207	-4.13364
1477010453450000	1.1088	15.3234	5.04081	4.11866	0.348176	radar	0.971087	0.828993	15.528	1.14201	15.2386	-2.93825	-4.1773
1477010453500000	0.896366	15.105	5.1227	4.11077	0.317356	lidar	2.36626	0.722706	15.0075	0.996486	15.0288	-2.88503	-4.21933
1477010453550000	0.749673	14.9247	5.06054	4.10996	0.286993	radar	2.47291	1.03147	15.2134	0.853604	14.8169	-2.83246	-4.25977
1477010453600000	0.648322	14.7103	5.02589	4.14074	0.306509	lidar	0.514557	0.737301	14.7047	0.71333	14.603	-2.78061	-4.29864
1477010453650000	0.535891	14.4689	5.06812	4.17837	0.343013	radar	1.78626	0.722177	14.2445	0.575628	14.3872	-2.72952	-4.33598
1477010453700000	0.361707	14.2467	5.11686	4.17829	0.322248	lidar	0.839759	0.253435	14.2029	0.440459	14.1696	-2.67925	-4.37181
1477010453750000	0.239448	13.9944	5.20031	4.21536	0.363692	radar	3.07069	-0.0328023	13.9604	0.307779	13.9502	-2.62984	-4.40617
1477010453800000	0.226067	13.7459	5.12012	4.27974	0.418805	lidar	3.7521	0.459172	13.6856	0.177545	13.7292	-2.58135	-4.43909
1477010453850000	0.122393	13.503	5.16202	4.30811	0.435086	radar	0.972428	0.0524412	13.6377	0.0497099	13.5065	-2.53381	-4.47061
1477010453900000	-0.0446465	13.272	5.21229	4.30098	0.399843	lidar	1.39688	-0.190344	13.2856	-0.0757753	13.2823	-2.48728	-4.50075
1477010453950000	-0.162699	13.054	5.16605	4.30446	0.371634	radar	1.12762	-0.275043	13.1456	-0.198962	13.0566	-2.44179	-4.52955
1477010454000000	-0.165979	12.8283	5.07489	4.36099	0.418928	lidar	3.43113	0.0462308	12.9301	-0.319903	12.8295	-2.39739	-4.55704
1477010454050000	-0.283969	12.6032	5.03523	4.35894	0.380848	radar	3.50367	-0.684792	12.3563	-0.438654	12.6011	-2.35412	-4.58326
1477010454100000	-0.403322	12.3676	5.05938	4.3631	0.362408	lidar	0.350575	-0.476482	12.3633	-0.555273	12.3714	-2.31202	-4.60823
1477010454150000	-0.526802	12.1592	5.02376	4.35524	0.324908	radar	3.78299	-0.972122	12.5207	-0.669818	12.1404	-2.27111	-4.63198
1477010454200000	-0.604305	11.9402	4.99826	4.37253	0.326747	lidar	0.531927	-0.582624	12.0386	-0.78235	11.9083	-2.23144	-4.65456
1477010454250000	-0.730247	11.7121	5.00147	4.3653	0.293836	radar	2.78238	-1.26757	11.6495	-0.892931	11.6751	-2.19304	-4.67598
1477010454300000	-0.926951	11.4681	5.08758	4.33129	0.233623	lidar	4.14694	-1.17212	11.3988	-1.00163	11.4409	-2.15594	-4.69628
1477010454350000	-1.03197	11.243	5.03442	4.32668	0.200778	radar	2.81787	-0.891441	10.959	-1.1085	11.2057	-2.12017	-4.71549
1477010454400000	-1.20901	11.0157	5.08448	4.29935	0.155665	lidar	2.22405	-1.39289	11.0424	-1.21362	10.9695	-2.08575	-4.73364
1477010454450000	-1.28822	10.7695	5.12216	4.32714	0.191398	radar	1.36212	-1.29894	10.9012	-1.31706	10.7324	-2.05273	-4.75075
1477010454500000	-1.41776	10.5155	5.16682	4.32425	0.176274	lidar	0.876578	-1.49687	10.4198	-1.41889	10.4945	-2.02111	-4.76686
1477010454550000	-1.50523	10.2527	5.21756	4.34682	0.201445	radar	1.43922	-1.59293	10.0212	-1.51917	10.2559	-1.99093	-4.78198
1477010454600000	-1.60282	10.0427	5.18049	4.34997	0.193842	lidar	1.99206	-1.61875	10.2374	-1.61797	10.0165	-1.96221	-4.79615
1477010454650000	-1.69178	9.81304	5.15078	4.35583	0.185396	radar	0.523516	-1.59702	9.96554	-1.71539	9.77637	-1.93498	-4.80939
1477010454700000	-1.7658	9.59307	5.11371	4.36858	0.189921	lidar	0.825416	-1.73381	9.71347	-1.81147	9.53564	-1.90924	-4.82172
1477010454750000	-1.87602	9.34072	5.17108	4.37425	0.193011	radar	2.54216	-2.27191	9.37316	-1.90631	9.29431	-1.88502	-4.83316
1477010454800000	-1.95773	9.04823	5.22898	4.39116	0.200786	lidar	4.05204	-1.93833	8.77028	-1.99998	9.05243	-1.86233	-4.84374
1477010454850000	-2.04396	8.8257	5.17442	4.38998	0.179097	radar	1.84507	-1.96565	9.13274	-2.09256	8.81003	-1.8412	-4.85347
1477010454900000	-2.14011	8.57367	5.19358	4.39321	0.172108	lidar	0.141434	-2.1768	8.5411	-2.18412	8.56717	-1.82164	-4.86238
1477010454950000	-2.26921	8.31926	5.2355	4.38121	0.146183	radar	2.80563	-2.65862	8.19477	-2.27474	8.32388	-1.80365	-4.87047
1477010455000000	-2.31494	8.08632	5.18952	4.40324	0.164082	lidar	0.819292	-2.21875	8.15339	-2.3645	8.0802	-1.78726	-4.87778
1477010455050000	-2.37777	7.87381	5.12502	4.41158	0.161295	radar	5.51076	-2.273	8.52315	-2.45348	7.83617	-1.77248	-4.8843
1477010455100000	-2.49167	7.62227	5.16152	4.40386	0.142324	lidar	0.694971	-2.59674	7.60288	-2.54177	7.59184	-1.75931	-4.89006
1477010455150000	-2.65571	7.38752	5.16669	4.36102	0.0653577	radar	5.61034	-3.08256	7.38874	-2.62944	7.34723	-1.74777	-4.89507
1477010455200000	-2.75993	7.13149	5.19565	4.35913	0.0590299	lidar	0.336933	-2.79865	7.064	-2.71658	7.10238	-1.73786	-4.89933
1477010455250000	-2.82058	6.89696	5.17877	4.37909	0.0878099	radar	1.68064	-2.79412	7.20818	-2.80326	6.85734	-1.72958	-4.90286
1477010455300000	-2.86161	6.68974	5.09724	4.39723	0.1041	lidar	2.52982	-2.74651	6.86867	-2.88957	6.61214	-1.72295	-4.90566
1477010455350000	-2.92589	6.46834	5.0246	4.3944	0.0775919	radar	4.01444	-2.57673	6.36755	-2.97559	6.36681	-1.71797	-4.90774
1477010455400000	-2.98045	6.23222	5.00324	4.40764	0.0884411	lidar	0.354349	-2.90217	6.22989	-3.0614	6.12139	-1.71464	-4.90911
1477010455450000	-3.09853	5.98441	5.05487	4.39717	0.0740946	radar	3.41974	-3.50172	6.10796	-3.14709	5.87592	-1.71297	-4.90976
1477010455500000	-3.18185	5.70996	5.10495	4.40208	0.0750919	lidar	1.6955	-3.1778	5.53101	-3.23274	5.63043	-1.71295	-4.9097
1477010455550000	-3.29164	5.46288	5.10893	4.38147	0.0295292	radar	2.23962	-3.19736	5.19093	-3.31843	5.38496	-1.71458	-4.90893
1477010455600000	-3.38883	5.20125	5.14793	4.3792	0.0251077	lidar	0.60045	-3.43031	5.10507	-3.40424	5.13955	-1.71787	-4.90745
1477010455650000	-3.45588	4.95543	5.14779	4.39273	0.0469364	radar	0.245899	-3.4281	4.94644	-3.49026	4.89422	-1.72281	-4.90525
1477010455700000	-3.57123	4.6767	5.22437	4.38511	0.0358912	lidar	2.1652	-3.69435	4.52196	-3.57657	4.64902	-1.72939	-4.90233
1477010455750000	-3.68109	4.42386	5.23408	4.36496	-0.00786795	radar	2.19923	-3.50501	4.17643	-3.66325	4.40398	-1.73763	-4.89868
1477010455800000	-3.81493	4.15213	5.30872	4.35068	-0.0225497	lidar	2.54781	-4.00238	4.04684	-3.75039	4.15913	-1.74749	-4.8943
1477010455850000	-3.89462	3.91162	5.29455	4.36218	0.00408429	radar	1.21673	-4.06447	4.10977	-3.83806	3.91452	-1.75899	-4.88918
1477010455900000	-3.96652	3.6794	5.25438	4.36713	0.00849743	lidar	0.685951	-3.88053	3.75177	-3.92635	3.67019	-1.77212	-4.8833
1477010455950000	-4.06778	3.47418	5.19385	4.34881	-0.0279368	radar	4.15369	-4.23729	3.88878	-4.01533	3.42616	-1.78686	-4.87666
1477010456000000	-4.1589	3.22968	5.19565	4.34812	-0.0271548	lidar	0.00844541	-4.15119	3.21968	-4.10509	3.18248	-1.8032	-4.86925
1477010456050000	-4.27486	2.97495	5.23014	4.33286	-0.053897	radar	0.75251	-4.27467	2.88187	-4.19571	2.93919	-1.82113	-4.86104
1477010456100000	-4.36492	2.70093	5.27236	4.33674	-0.0458101	lidar	1.3034	-4.32451	2.55034	-4.28727	2.69633	-1.84065	-4.85202
1477010456150000	-4.45139	2.45143	5.27111	4.34243	-0.0307253	radar	0.197673	-4.38481	2.39989	-4.37985	2.45393	-1.86173	-4.84218
1477010456200000	-4.55616	2.18641	5.31007	4.34098	-0.0292041	lidar	0.641765	-4.61223	2.09192	-4.47352	2.21205	-1.88436	-4.83149
1477010456250000	-4.66603	1.95514	5.29768	4.31572	-0.0841462	radar	4.0174	-4.29257	1.92854	-4.56836	1.97072	-1.90853	-4.81994
1477010456300000	-4.78183	1.68135	5.35686	4.31269	-0.0802417	lidar	1.53648	-4.86829	1.53442	-4.66444	1.72998	-1.93422	-4.80751
1477010456350000	-4.90567	1.43208	5.38167	4.29566	-0.106574	radar	0.514193	-4.98165	1.43611	-4.76186	1.48989	-1.9614	-4.79417
1477010456400000	-4.96497	1.19871	5.32008	4.3024	-0.096894	lidar	4.97774	-4.66779	1.28643	-4.86066	1.25049	-1.99007	-4.7799
1477010456450000	-5.06021	0.982103	5.26341	4.29949	-0.0908408	radar	1.13936	-4.98594	1.10894	-4.96095	1.01182	-2.02019	-4.76468
1477010456500000	-5.12114	0.750281	5.21298	4.30582	-0.0818528	lidar	3.96444	-4.85498	0.825661	-5.06277	0.77393	-2.05174	-4.74848
1477010456550000	-5.21513	0.455475	5.30273	4.31162	-0.074214	radar	5.2366	-4.84736	0.18101	-5.16621	0.536876	-2.08471	-4.73127
1477010456600000	-5.29002	0.215323	5.27488	4.3153	-0.067501	lidar	1.53784	-5.1231	0.257311	-5.27133	0.300706	-2.11906	-4.71303
1477010456650000	-5.39942	-0.0188655	5.25105	4.31803	-0.0443073	radar	5.84874	-5.99809	-0.290765	-5.3782	0.0654719	-2.15477	-4.69374
1477010456700000	-5.47041	-0.257135	5.22348	4.32357	-0.0369347	lidar	1.61673	-5.29972	-0.212982	-5.4869	-0.168772	-2.1918	-4.67335
1477010456750000	-5.5909	-0.439005	5.14774	4.29832	-0.0732102	radar	3.83484	-5.64447	-0.144522	-5.59748	-0.401971	-2.23014	-4.65185
1477010456800000	-5.72745	-0.62315	5.08847	4.2726	-0.102087	lidar	2.69177	-5.85359	-0.445801	-5.71001	-0.634069	-2.26974	-4.62919
1477010456850000	-5.84258	-0.851064	5.121	4.25117	-0.143426	radar	5.43096	-5.30947	-0.724468	-5.82456	-0.865006	-2.31058	-4.60536
1477010456900000	-5.93791	-1.12034	5.17128	4.26019	-0.12151	lidar	1.45305	-5.87835	-1.26863	-5.94118	-1.09472	-2.35262	-4.58032
1477010456950000	-6.02649	-1.38894	5.21319	4.27068	-0.10048	radar	2.80901	-5.68069	-1.52871	-6.05993	-1.32316	-2.39581	-4.55404
1477010457000000	-6.16511	-1.59593	5.18691	4.24987	-0.120944	lidar	1.08334	-6.27263	-1.50938	-6.18087	-1.55025	-2.44014	-4.52648
1477010457050000	-6.30916	-1.83252	5.26214	4.21945	-0.175503	radar	4.06649	-6.11355	-1.75966	-6.30406	-1.77593	-2.48555	-4.49762
1477010457100000	-6.41521	-2.08263	5.27871	4.22199	-0.160793	lidar	0.491788	-6.34007	-2.13685	-6.42954	-2.00014	-2.532	-4.46742
1477010457150000	-6.56669	-2.28493	5.24385	4.19909	-0.177561	radar	3.07897	-6.99344	-2.17445	-6.55738	-2.22281	-2.57946	-4.43585
1477010457200000	-6.71639	-2.49395	5.22901	4.17847	-0.192817	lidar	0.471492	-6.79288	-2.4458	-6.68761	-2.44386	-2.62788	-4.40288
1477010457250000	-6.87252	-2.70614	5.23255	4.15642	-0.21111	radar	1.10825	-7.14408	-2.67584	-6.82029	-2.66323	-2.6772	-4.36847
1477010457300000	-6.96443	-2.97622	5.27188	4.17539	-0.172437	lidar	2.50144	-6.8003	-3.10086	-6.95546	-2.88084	-2.7274	-4.3326
1477010457350000	-7.09318	-3.20004	5.24862	4.17204	-0.160682	radar	0.277315	-7.13937	-3.22028	-7.09316	-3.09663	-2.7784	-4.29523
1477010457400000	-7.21796	-3.39465	5.20141	4.15877	-0.169057	lidar	1.38989	-7.12118	-3.26434	-7.23344	-3.3105	-2.83017	-4.25632
1477010457450000	-7.36393	-3.64301	5.24197	4.15627	-0.159306	radar	4.4567	-7.77186	-4.08999	-7.37632	-3.5224	-2.88265	-4.21586
1477010457500000	-7.52358	-3.78008	5.14221	4.1161	-0.203307	lidar	4.82815	-7.49009	-3.49081	-7.52184	-3.73223	-2.93579	-4.1738
1477010457550000	-7.66856	-3.98874	5.14897	4.10323	-0.209588	radar	0.465059	-7.52393	-3.88213	-7.67004	-3.93992	-2.98953	-4.13012
1477010457600000	-7.82255	-4.21784	5.17707	4.09656	-0.203909	lidar	0.515863	-7.88049	-4.29783	-7.82094	-4.14538	-3.04381	-4.08479
1477010457650000	-7.97366	-4.43606	5.18376	4.08911	-0.199253	radar	0.396265	-8.08524	-4.57834	-7.97457	-4.34854	-3.09857	-4.03778
1477010457700000	-8.13461	-4.67499	5.22641	4.08525	-0.190338	lidar	1.2332	-8.22492	-4.79812	-8.13095	-4.5493	-3.15376	-3.98906
1477010457750000	-8.27366	-4.87823	5.15301	4.08615	-0.166426	radar	2.50811	-8.453	-4.95621	-8.2901	-4.74759	-3.2093	-3.93862
1477010457800000	-8.40562	-5.09765	5.15357	4.08807	-0.153401	lidar	0.28676	-8.33552	-5.1059	-8.45204	-4.94331	-3.26514	-3.88641
1477010457850000	-8.55219	-5.26435	5.05955	4.07441	-0.154297	radar	3.89671	-8.55062	-4.79248	-8.61678	-5.13637	-3.32121	-3.83242
1477010457900000	-8.74284	-5.46276	5.08231	4.05192	-0.172521	lidar	1.73924	-8.91477	-5.51752	-8.78433	-5.32669	-3.37745	-3.77663
1477010457950000	-8.90197	-5.65963	5.06906	4.0428	-0.171248	radar	0.319721	-9.04115	-5.69364	-8.95469	-5.51417	-3.43377	-3.71901
1477010458000000	-9.05885	-5.84594	5.05494	4.03091	-0.175716	lidar	0.134109	-9.03391	-5.80267	-9.12788	-5.69872	-3.49012	-3.65955
1477010458050000	-9.19771	-6.00229	4.95593	4.02077	-0.172778	radar	6.13492	-8.86897	-5.41973	-9.30388	-5.88026	-3.54643	-3.59823
1477010458100000	-9.3768	-6.10378	4.87054	3.97646	-0.219184	lidar	4.73509	-9.30811	-5.82368	-9.4827	-6.05868	-3.60261	-3.53503
1477010458150000	-9.55259	-6.2861	4.88221	3.96249	-0.222708	radar	0.921725	-9.80646	-6.41174	-9.66432	-6.23389	-3.6586	-3.46994
1477010458200000	-9.69168	-6.49586	4.89575	3.97172	-0.196895	lidar	0.548911	-9.62547	-6.55958	-9.84874	-6.4058	-3.71431	-3.40295
1477010458250000	-9.9146	-6.6553	4.95627	3.93247	-0.23768	radar	7.03703	-10.6688	-6.35543	-10.0359	-6.57431	-3.76969	-3.33404
1477010458300000	-10.1178	-6.81947	4.96788	3.90727	-0.254133	lidar	0.643033	-10.2246	-6.83402	-10.2259	-6.73933	-3.82463	-3.26321
1477010458350000	-10.3031	-6.98096	4.98241	3.88842	-0.263566	radar	1.01747	-10.2205	-6.71044	-10.4186	-6.90075	-3.87907	-3.19046
1477010458400000	-10.5325	-7.16153	5.03477	3.86444	-0.276064	lidar	3.62538	-10.7616	-7.29159	-10.614	-7.05849	-3.93293	-3.11577
1477010458450000	-10.7388	-7.30261	5.03719	3.83602	-0.295315	radar	1.86902	-10.8944	-6.83335	-10.8121	-7.21245	-3.98613	-3.03916
1477010458500000	-10.9849	-7.46425	5.08621	3.80515	-0.314423	lidar	3.54784	-11.2219	-7.56979	-11.0128	-7.36252	-4.03859	-2.96062
1477010458550000	-11.174	-7.60339	5.04023	3.78781	-0.316265	radar	1.2519	-10.986	-7.3707	-11.2161	-7.50862	-4.09021	-2.88015
1477010458600000	-11.3228	-7.75935	4.9947	3.791	-0.293545	lidar	3.15481	-11.0934	-7.6776	-11.422	-7.65064	-4.14093	-2.79777
1477010458650000	-11.5187	-7.88543	4.96013	3.76877	-0.303138	radar	1.78612	-11.4213	-7.46085	-11.6304	-7.78849	-4.19066	-2.71349
1477010458700000	-11.6988	-7.9901	4.90507	3.74516	-0.314713	lidar	3.03378	-11.5269	-7.8215	-11.8413	-7.92208	-4.23932	-2.6273
1477010458750000	-11.8925	-8.10212	4.82513	3.7221	-0.323898	radar	1.77473	-11.9422	-7.88317	-12.0546	-8.05131	-4.28682	-2.53924
1477010458800000	-12.1076	-8.19274	4.80593	3.68651	-0.348229	lidar	0.673642	-12.09	-8.08828	-12.2702	-8.17609	-4.33309	-2.44932
1477010458850000	-12.3344	-8.32098	4.89322	3.6668	-0.349659	radar	2.72373	-12.4462	-8.02117	-12.4881	-8.29633	-4.37802	-2.35756
1477010458900000	-12.5381	-8.40198	4.85406	3.63577	-0.367113	lidar	1.77894	-12.4231	-8.2599	-12.7082	-8.41193	-4.42156	-2.26399
1477010458950000	-12.7442	-8.48707	4.7832	3.6065	-0.382694	radar	1.6717	-12.7461	-8.19449	-12.9304	-8.5228	-4.4636	-2.16863
1477010459000000	-13.022	-8.57652	4.84413	3.56391	-0.410252	lidar	4.14369	-13.2911	-8.64594	-13.1547	-8.62886	-4.50407	-2.07151
1477010459050000	-13.2712	-8.67658	4.90875	3.53957	-0.4122	radar	2.78345	-13.7929	-8.47158	-13.381	-8.73002	-4.54289	-1.97267
1477010459100000	-13.4927	-8.7237	4.87504	3.50084	-0.435145	lidar	1.82098	-13.384	-8.57583	-13.6092	-8.82619	-4.57997	-1.87214
1477010459150000	-13.7094	-8.76294	4.78457	3.45838	-0.466288	radar	3.66998	-13.6376	-8.26344	-13.8392	-8.91729	-4.61524	-1.76997
1477010459200000	-13.9347	-8.87558	4.8026	3.45363	-0.443202	lidar	0.98206	-13.9959	-8.99264	-14.0709	-9.00324	-4.64861	-1.6662
1477010459250000	-14.1865	-8.96717	4.90029	3.44162	-0.42332	radar	2.9594	-14.4737	-8.79552	-14.3043	-9.08395	-4.68001	-1.56086
1477010459300000	-14.409	-9.08089	4.90437	3.44261	-0.396292	lidar	0.718798	-14.4273	-9.1875	-14.5391	-9.15936	-4.70936	-1.45402
1477010459350000	-14.6382	-9.15156	4.88331	3.42263	-0.398283	radar	0.278093	-14.5757	-9.32634	-14.7754	-9.22939	-4.73658	-1.34573
1477010459400000	-14.9245	-9.14853	4.92403	3.36199	-0.446868	lidar	1.95782	-15.062	-9.04396	-15.013	-9.29397	-4.76161	-1.23603
1477010459450000	-15.1832	-9.22174	4.96008	3.34709	-0.43644	radar	4.54959	-15.6189	-9.69365	-15.2517	-9.35302	-4.78436	-1.125
1477010459500000	-15.4469	-9.33934	5.00823	3.35345	-0.40142	lidar	5.40318	-15.6682	-9.56749	-15.4916	-9.40649	-4.80476	-1.01269
1477010459550000	-15.6899	-9.36787	4.95326	3.31771	-0.428092	radar	2.0763	-15.9382	-9.35751	-15.7324	-9.45431	-4.82275	-0.899159
1477010459600000	-15.9466	-9.45403	4.9811	3.31513	-0.404865	lidar	2.16147	-16.0862	-9.59819	-15.9741	-9.49642	-4.83827	-0.784484
1477010459650000	-16.1981	-9.4625	4.9565	3.27555	-0.432993	radar	2.28508	-16.6033	-8.85459	-16.2164	-9.53277	-4.85124	-0.668734
1477010459700000	-16.4497	-9.45655	4.95837	3.23651	-0.45387	lidar	0.49428	-16.4229	-9.37029	-16.4594	-9.5633	-4.8616	-0.55198
1477010459750000	-16.6678	-9.45564	4.89589	3.20382	-0.47136	radar	5.14847	-16.011	-9.33486	-16.7027	-9.58797	-4.8693	-0.434301
1477010459800000	-16.9512	-9.44087	4.9471	3.16343	-0.490469	lidar	1.46713	-17.1132	-9.43043	-16.9464	-9.60673	-4.87427	-0.315773
1477010459850000	-17.2031	-9.5012	4.97941	3.16997	-0.446925	radar	7.91038	-16.9255	-10.8571	-17.1903	-9.61954	-4.87646	-0.196479
1477010459900000	-17.4632	-9.52002	4.99557	3.15326	-0.439906	lidar	0.507344	-17.5448	-9.57485	-17.4342	-9.62636	-4.87583	-0.0765024
1477010459950000	-17.7209	-9.50884	4.98767	3.12137	-0.456803	radar	1.69146	-18.1371	-9.39146	-17.6781	-9.62717	-4.87232	0.0440703
1477010460000000	-17.9756	-9.4765	4.99718	3.08703	-0.470274	lidar	0.184724	-17.9724	-9.42299	-17.9216	-9.62194	-4.86588	0.165151
1477010460050000	-18.2196	-9.43815	4.97031	3.04863	-0.495057	radar	0.692456	-18.3083	-9.18778	-18.1648	-9.61064	-4.85648	0.286648
1477010460100000	-18.4207	-9.48559	4.89686	3.05955	-0.454323	lidar	2.31523	-18.2763	-9.60997	-18.4074	-9.59325	-4.84408	0.40847
1477010460150000	-18.6569	-9.47344	4.90417	3.04663	-0.436801	radar	1.70224	-18.2443	-9.58547	-18.6493	-9.56977	-4.82864	0.530522
1477010460200000	-18.9054	-9.46507	4.90767	3.03261	-0.427505	lidar	0.270375	-18.9545	-9.51544	-18.8904	-9.54017	-4.81012	0.652707
1477010460250000	-19.1355	-9.42729	4.90513	3.01122	-0.42312	radar	3.947	-18.6983	-9.02886	-19.1305	-9.50447	-4.78851	0.774927
1477010460300000	-19.3819	-9.30655	4.93213	2.95111	-0.46855	lidar	3.01308	-19.2983	-9.09865	-19.3694	-9.46265	-4.76378	0.897083
1477010460350000	-19.6153	-9.23014	4.90789	2.90924	-0.498958	radar	1.12448	-19.7037	-8.79906	-19.6069	-9.41472	-4.73591	1.01907
1477010460400000	-19.8676	-9.10601	4.94933	2.85552	-0.531888	lidar	1.30615	-19.8731	-8.96417	-19.8431	-9.36071	-4.70487	1.1408
1477010460450000	-20.1053	-9.00408	4.96538	2.81705	-0.544184	radar	4.93839	-20.3815	-7.6755	-20.0775	-9.30061	-4.67066	1.26215
1477010460500000	-20.2772	-9.13573	4.78895	2.88145	-0.441925	lidar	14.75	-20.1607	-9.59663	-20.3102	-9.23446	-4.63328	1.38303
1477010460550000	-20.516	-9.09443	4.80009	2.87286	-0.421927	radar	1.5545	-20.4587	-9.7448	-20.5409	-9.16227	-4.59271	1.50334
1477010460600000	-20.7375	-8.99796	4.80247	2.83816	-0.437651	lidar	0.715774	-20.6596	-8.91527	-20.7696	-9.08409	-4.54895	1.62296
1477010460650000	-20.9795	-8.91703	4.81818	2.81191	-0.445446	radar	2.45728	-21.5568	-8.5005	-20.9959	-8.99994	-4.50202	1.74179
1477010460700000	-21.1756	-8.84898	4.77039	2.79315	-0.442148	lidar	1.29578	-21.0195	-8.85081	-21.2198	-8.90987	-4.45191	1.85972
1477010460750000	-21.4086	-8.76128	4.77606	2.76651	-0.452215	radar	1.92204	-21.8628	-8.64129	-21.4412	-8.81393	-4.39865	1.97666
1477010460800000	-21.601	-8.73703	4.70008	2.76989	-0.423438	lidar	1.75552	-21.5029	-8.87191	-21.6597	-8.71217	-4.34224	2.0925
1477010460850000	-21.792	-8.59423	4.65494	2.707	-0.493466	radar	6.5587	-21.9514	-7.41274	-21.8754	-8.60465	-4.2827	2.20712
1477010460900000	-21.9951	-8.51769	4.63125	2.69198	-0.482728	lidar	0.198232	-21.9793	-8.57089	-22.0881	-8.49143	-4.22007	2.32043
1477010460950000	-22.2046	-8.41083	4.65168	2.67285	-0.468127	radar	1.98407	-22.1914	-7.70392	-22.2975	-8.37258	-4.15437	2.43232
1477010461000000	-22.4361	-8.31208	4.67839	2.65605	-0.460174	lidar	1.22824	-22.5838	-8.35296	-22.5035	-8.24817	-4.08564	2.5427
1477010461050000	-22.627	-8.19615	4.65338	2.62492	-0.475918	radar	0.909339	-22.3177	-8.57758	-22.7061	-8.11829	-4.01391	2.65145
1477010461100000	-22.8654	-7.95341	4.79513	2.55441	-0.526488	lidar	5.92595	-22.9861	-7.6724	-22.9049	-7.98301	-3.93923	2.75848
1477010461150000	-23.0559	-7.80332	4.77312	2.50628	-0.571805	radar	3.53598	-23.2693	-8.32031	-23.1	-7.84243	-3.86163	2.8637
1477010461200000	-23.2843	-7.62542	4.84819	2.47048	-0.578254	lidar	2.24182	-23.4777	-7.56583	-23.2911	-7.69663	-3.78118	2.967
1477010461250000	-23.4845	-7.48626	4.86877	2.46191	-0.537513	radar	1.75348	-23.473	-7.02103	-23.4781	-7.54572	-3.69792	3.06828
1477010461300000	-23.6504	-7.34246	4.83338	2.43566	-0.537701	lidar	0.661099	-23.5408	-7.36069	-23.6609	-7.3898	-3.61191	3.16746
1477010461350000	-23.8416	-7.18244	4.85169	2.41467	-0.524514	radar	0.916118	-24.0505	-6.56968	-23.8393	-7.22897	-3.52321	3.26445
1477010461400000	-24.0027	-7.08989	4.76182	2.41017	-0.502928	lidar	2.08892	-23.9384	-7.26171	-24.0132	-7.06336	-3.43189	3.35916
1477010461450000	-24.1704	-6.90754	4.76835	2.37143	-0.524487	radar	1.9707	-24.3577	-5.94086	-24.1825	-6.89307	-3.33801	3.45149
1477010461500000	-24.332	-6.65456	4.84865	2.31471	-0.556099	lidar	3.23627	-24.2574	-6.4352	-24.347	-6.71823	-3.24166	3.54138
1477010461550000	-24.4993	-6.47788	4.84262	2.28195	-0.572824	radar	3.48675	-24.788	-7.18367	-24.5066	-6.53896	-3.14289	3.62873
1477010461600000	-24.5973	-6.33862	4.73239	2.25504	-0.573655	lidar	5.30543	-24.3008	-6.43799	-24.6612	-6.35538	-3.0418	3.71347
1477010461650000	-24.7381	-6.14969	4.73062	2.224	-0.575997	radar	0.306924	-24.6108	-6.00878	-24.8107	-6.16764	-2.93846	3.79553
1477010461700000	-24.9209	-5.94496	4.78911	2.20111	-0.568078	lidar	2.71865	-25.146	-5.91902	-24.955	-5.97587	-2.83295	3.87484
1477010461750000	-25.0518	-5.74019	4.79554	2.17049	-0.56667	radar	1.85511	-24.8975	-5.02285	-25.094	-5.7802	-2.72537	3.95132
1477010461800000	-25.1844	-5.56863	4.76158	2.15021	-0.558827	lidar	0.348961	-25.1941	-5.64372	-25.2276	-5.58079	-2.61581	4.02492
1477010461850000	-25.3379	-5.38321	4.77354	2.14435	-0.518419	radar	1.32665	-25.5328	-5.4399	-25.3556	-5.37777	-2.50435	4.09557
1477010461900000	-25.482	-5.15867	4.81709	2.1173	-0.518584	lidar	0.620095	-25.5713	-5.10241	-25.4779	-5.1713	-2.39109	4.16322
1477010461950000	-25.6136	-4.98153	4.79517	2.11453	-0.474562	radar	6.36277	-25.0178	-6.55904	-25.5946	-4.96152	-2.27613	4.22781
1477010462000000	-25.7277	-4.80918	4.74475	2.09721	-0.468756	lidar	0.561708	-25.6952	-4.89995	-25.7055	-4.7486	-2.15956	4.2893
1477010462050000	-25.8486	-4.60348	4.75024	2.07908	-0.456931	radar	0.212565	-25.8162	-4.40681	-25.8105	-4.53268	-2.04149	4.34764
1477010462100000	-25.961	-4.36021	4.79571	2.04786	-0.465129	lidar	0.537671	-25.9516	-4.26659	-25.9096	-4.31392	-1.92202	4.40279
1477010462150000	-26.07	-4.13913	4.7936	2.00343	-0.519102	radar	11.1242	-26.8953	-4.43966	-26.0027	-4.0925	-1.80125	4.45471
1477010462200000	-26.1613	-3.85514	4.87803	1.96118	-0.535169	lidar	2.01052	-26.1198	-3.67723	-26.0897	-3.86856	-1.67928	4.50337
1477010462250000	-26.2352	-3.61752	4.87609	1.90934	-0.590045	radar	3.52768	-26.5652	-3.85723	-26.1706	-3.64227	-1.55623	4.54875
1477010462300000	-26.2638	-3.35045	4.89519	1.8573	-0.61369	lidar	4.37251	-25.9974	-3.24722	-26.2453	-3.41381	-1.4322	4.59081
1477010462350000	-26.3135	-3.10582	4.89797	1.81148	-0.643048	radar	0.482758	-26.2976	-3.01078	-26.3138	-3.18332	-1.30729	4.62954
1477010462400000	-26.3375	-2.87074	4.87594	1.76998	-0.653543	lidar	1.41125	-26.1741	-2.87885	-26.376	-2.95098	-1.18162	4.66493
1477010462450000	-26.3957	-2.6443	4.86336	1.74814	-0.635764	radar	1.43712	-26.4681	-3.44967	-26.4319	-2.71697	-1.05529	4.69696
1477010462500000	-26.4717	-2.49066	4.75401	1.74051	-0.613836	lidar	5.83157	-26.674	-2.73852	-26.4815	-2.48143	-0.928411	4.72562
1477010462550000	-26.5272	-2.25562	4.76189	1.7244	-0.585093	radar	1.02036	-26.657	-1.72382	-26.5247	-2.24456	-0.80109	4.75091
1477010462600000	-26.5771	-2.05939	4.70972	1.70539	-0.575898	lidar	1.22261	-26.6691	-2.17333	-26.5616	-2.0065	-0.673434	4.77284
1477010462650000	-26.6082	-1.82315	4.7135	1.68629	-0.551085	radar	2.00472	-26.3248	-1.32261	-26.5921	-1.76744	-0.545553	4.79141
1477010462700000	-26.6061	-1.57441	4.72656	1.64828	-0.561785	lidar	1.12575	-26.4671	-1.53207	-26.6161	-1.52753	-0.417552	4.80664
1477010462750000	-26.6032	-1.34444	4.71458	1.60586	-0.59088	radar	1.67336	-26.4998	-2.19526	-26.6338	-1.28695	-0.289538	4.81852
1477010462800000	-26.6066	-1.11763	4.70088	1.57645	-0.591095	lidar	0.0403098	-26.5998	-1.14277	-26.6451	-1.04586	-0.161616	4.8271
1477010462850000	-26.636	-0.893042	4.69085	1.56171	-0.571207	radar	5.16178	-27.2008	-1.67679	-26.65	-0.804425	-0.0338883	4.83238
1477010462900000	-26.6471	-0.642422	4.71916	1.53841	-0.564886	lidar	0.544854	-26.7355	-0.59539	-26.6485	-0.562811	0.0935412	4.83439
1477010462950000	-26.6344	-0.400835	4.73269	1.50007	-0.590218	radar	2.25102	-26.9891	0.0351487	-26.6406	-0.321181	0.220572	4.83317
1477010463000000	-26.589	-0.107288	4.81952	1.45993	-0.599217	lidar	2.62289	-26.4553	0.0602653	-26.6264	-0.0796947	0.347104	4.82874
1477010463050000	-26.5696	0.131821	4.82286	1.43068	-0.603737	radar	2.75283	-26.9537	0.136943	-26.6059	0.161489	0.473041	4.82116
1477010463100000	-26.5461	0.423066	4.90578	1.40556	-0.59619	lidar	1.68775	-26.6201	0.57588	-26.5792	0.402213	0.598287	4.81045
1477010463150000	-26.5341	0.661186	4.89351	1.39735	-0.557346	radar	1.7949	-26.8241	0.381506	-26.5462	0.642323	0.722748	4.79667
1477010463200000	-26.5265	0.942279	4.95542	1.3842	-0.54033	lidar	3.00965	-26.7293	1.06082	-26.5069	0.881666	0.846334	4.77986
1477010463250000	-26.4888	1.20138	4.96909	1.37791	-0.491572	radar	7.10865	-25.9562	2.60409	-26.4616	1.12009	0.968955	4.76007
1477010463300000	-26.432	1.43879	4.9609	1.35087	-0.494319	lidar	0.0752856	-26.3986	1.42212	-26.4101	1.35745	1.09053	4.73737
1477010463350000	-26.3932	1.65805	4.91934	1.33883	-0.469827	radar	8.35406	-26.5072	-0.563928	-26.3526	1.59361	1.21096	4.71181
1477010463400000	-26.3383	1.86981	4.87741	1.31541	-0.470607	lidar	0.376468	-26.3594	1.79315	-26.2891	1.82841	1.33018	4.68345
1477010463450000	-26.2702	2.10116	4.87501	1.28691	-0.481569	radar	0.241485	-26.3475	1.82827	-26.2197	2.06173	1.44811	4.65235
1477010463500000	-26.208	2.29534	4.81367	1.26318	-0.482334	lidar	0.829532	-26.2502	2.18481	-26.1444	2.29342	1.56467	4.61859
1477010463550000	-26.1453	2.52324	4.80179	1.25247	-0.453443	radar	0.774814	-26.069	2.27896	-26.0633	2.52336	1.67979	4.58223
1477010463600000	-26.0668	2.76496	4.82437	1.23076	-0.452025	lidar	0.106456	-26.0641	2.80701	-25.9765	2.75141	1.79339	4.54334
1477010463650000	-25.9716	2.98779	4.83592	1.18886	-0.49677	radar	2.90759	-26.3234	3.02388	-25.8841	2.97746	1.90543	4.502
1477010463700000	-25.8702	3.26533	4.92081	1.1667	-0.492435	lidar	1.5087	-25.8345	3.42005	-25.7861	3.20139	2.01582	4.45828
1477010463750000	-25.7872	3.49508	4.92326	1.14729	-0.488583	radar	2.13782	-26.1824	3.73376	-25.6826	3.42306	2.12452	4.41227
1477010463800000	-25.6815	3.69675	4.89216	1.11959	-0.492632	lidar	0.238698	-25.6666	3.63509	-25.5737	3.64239	2.23146	4.36404
1477010463850000	-25.5647	3.90474	4.88216	1.08861	-0.503544	radar	1.13755	-25.5773	3.13316	-25.4596	3.85924	2.3366	4.31367
1477010463900000	-25.4977	4.08546	4.81012	1.07493	-0.492926	lidar	3.81317	-25.7492	3.99968	-25.3402	4.07353	2.43989	4.26125
1477010463950000	-25.3746	4.28771	4.80346	1.04568	-0.500173	radar	0.609343	-25.3516	3.75691	-25.2157	4.28514	2.54127	4.20686
1477010464000000	-25.2149	4.50528	4.83878	1.01037	-0.510322	lidar	2.01415	-25.0214	4.52803	-25.0863	4.49399	2.64071	4.15058
1477010464050000	-25.0645	4.70183	4.82719	0.986386	-0.493941	radar	8.94952	-24.2719	4.30917	-24.9518	4.69998	2.73817	4.09251
1477010464100000	-24.9462	4.89582	4.80946	0.966216	-0.489545	lidar	0.437615	-25.0363	4.88499	-24.8126	4.90303	2.83361	4.03273
1477010464150000	-24.7902	5.08685	4.8112	0.936317	-0.493593	radar	2.30883	-24.3609	4.95947	-24.6686	5.10304	2.92701	3.97132
1477010464200000	-24.6221	5.30004	4.8556	0.908591	-0.495764	lidar	0.914592	-24.5041	5.35293	-24.5201	5.29995	3.01833	3.90839
1477010464250000	-24.4501	5.47817	4.86952	0.865081	-0.531982	radar	0.931062	-24.4379	5.24592	-24.367	5.49367	3.10754	3.84401
1477010464300000	-24.2631	5.65064	4.87383	0.82797	-0.543098	lidar	1.22546	-24.1159	5.61152	-24.2095	5.68414	3.19464	3.77827
1477010464350000	-24.0974	5.81221	4.86309	0.791691	-0.563093	radar	3.19865	-24.5638	4.75836	-24.0477	5.8713	3.27959	3.71127
1477010464400000	-23.9235	5.97251	4.85034	0.760791	-0.566406	lidar	0.0530994	-23.9153	5.94377	-23.8818	6.05508	3.36239	3.64309
1477010464450000	-23.78	6.15866	4.80391	0.769809	-0.490287	radar	4.75032	-23.5491	6.44495	-23.7117	6.23542	3.44302	3.57383
1477010464500000	-23.6127	6.31421	4.78616	0.744745	-0.491418	lidar	0.0969424	-23.6471	6.29102	-23.5377	6.41227	3.52148	3.50357
1477010464550000	-23.4639	6.48857	4.76038	0.741425	-0.453615	radar	1.82325	-23.7544	6.53746	-23.3598	6.58559	3.59775	3.4324
1477010464600000	-23.2393	6.71024	4.87887	0.723818	-0.444815	lidar	4.26862	-23.0099	6.86182	-23.1781	6.75533	3.67185	3.36041
1477010464650000	-23.0441	6.85225	4.85853	0.698226	-0.441375	radar	5.54924	-22.7862	5.74143	-22.9928	6.92146	3.74376	3.28768
1477010464700000	-22.8305	7.02484	4.90444	0.674927	-0.441561	lidar	1.01543	-22.6991	7.063	-22.804	7.08393	3.8135	3.21431
1477010464750000	-22.6185	7.15983	4.91309	0.63869	-0.464062	radar	1.52954	-22.418	6.76159	-22.6117	7.24273	3.88106	3.14038
1477010464800000	-22.4336	7.30507	4.90105	0.619183	-0.460378	lidar	0.298986	-22.5083	7.31524	-22.4161	7.39782	3.94647	3.06598
1477010464850000	-22.2043	7.43119	4.94864	0.569989	-0.512771	radar	2.55098	-22.0543	7.85452	-22.2173	7.54917	4.00974	2.99118
1477010464900000	-22.0231	7.59355	4.95408	0.560945	-0.494755	lidar	2.12379	-22.1947	7.69478	-22.0154	7.69679	4.07087	2.91607
1477010464950000	-21.8391	7.76439	4.93847	0.568774	-0.438179	radar	5.78144	-21.6178	9.0351	-21.8105	7.84064	4.12989	2.84074
1477010465000000	-21.6314	7.90705	4.94934	0.551183	-0.433225	lidar	0.0780297	-21.6473	7.94	-21.6026	7.98072	4.18681	2.76526
1477010465050000	-21.4407	8.04212	4.92365	0.541187	-0.413543	radar	1.64623	-21.8637	7.78661	-21.392	8.11703	4.24166	2.68971
1477010465100000	-21.2153	8.07824	4.84873	0.487674	-0.450857	lidar	4.48517	-21.0853	7.83229	-21.1787	8.24957	4.29447	2.61417
1477010465150000	-21.0238	8.23354	4.8178	0.502902	-0.380636	radar	6.33905	-20.5503	9.28616	-20.9628	8.37833	4.34526	2.53871
1477010465200000	-20.8455	8.38535	4.8166	0.503597	-0.359045	lidar	3.0996	-21.0519	8.50983	-20.7444	8.50333	4.39406	2.46341
1477010465250000	-20.604	8.49619	4.86959	0.469495	-0.390825	radar	4.4143	-19.9265	9.40847	-20.5237	8.62457	4.4409	2.38835
1477010465300000	-20.3548	8.63356	4.9328	0.454828	-0.384266	lidar	1.34229	-20.21	8.68914	-20.3006	8.74206	4.48582	2.31358
1477010465350000	-20.1561	8.76578	4.89596	0.462418	-0.334224	radar	1.8332	-20.2277	8.8532	-20.0753	8.85583	4.52884	2.23919
1477010465400000	-19.9572	8.86707	4.86603	0.447043	-0.333295	lidar	0.597925	-20.0633	8.86724	-19.848	8.96589	4.57001	2.16524
1477010465450000	-19.7576	8.98769	4.83009	0.451207	-0.29334	radar	1.40229	-19.9264	8.78179	-19.6186	9.07227	4.60937	2.09179
1477010465500000	-19.5356	9.05907	4.80685	0.423899	-0.307517	lidar	0.630878	-19.4861	8.96665	-19.3873	9.17499	4.64694	2.01891
1477010465550000	-19.2954	9.16652	4.85106	0.404933	-0.317373	radar	4.44521	-18.5719	10.2069	-19.1542	9.27409	4.68278	1.94666
1477010465600000	-19.0096	9.25707	4.92407	0.378218	-0.32818	lidar	5.98407	-18.6786	9.19191	-18.9193	9.36959	4.71692	1.8751
1477010465650000	-18.7924	9.34093	4.90874	0.360146	-0.332635	radar	1.68422	-19.2825	8.98189	-18.6827	9.46154	4.7494	1.80429
1477010465700000	-18.5375	9.44308	4.95356	0.346661	-0.32848	lidar	0.744049	-18.4242	9.46852	-18.4446	9.54996	4.78028	1.73429
1477010465750000	-18.2721	9.47296	4.99323	0.290213	-0.396632	radar	5.8183	-18.1634	8.72444	-18.2049	9.63492	4.80959	1.66514
1477010465800000	-17.9807	9.60355	5.10525	0.28755	-0.37581	lidar	3.36612	-17.7736	9.72478	-17.9639	9.71643	4.83737	1.59691
1477010465850000	-17.7354	9.69624	5.09208	0.288148	-0.337441	radar	2.86843	-17.2296	9.97767	-17.7214	9.79457	4.86368	1.52964
1477010465900000	-17.4605	9.80496	5.15851	0.282846	-0.323429	lidar	1.15319	-17.3436	9.88109	-17.4777	9.86936	4.88856	1.46338
1477010465950000	-17.2122	9.88219	5.16676	0.26842	-0.323079	radar	0.449353	-17.1554	10.212	-17.2328	9.94087	4.91205	1.39818
1477010466000000	-16.9403	10.0062	5.23509	0.272417	-0.299714	lidar	1.38719	-16.8876	10.145	-16.9868	10.0091	4.93421	1.33408
1477010466050000	-16.6848	10.0739	5.23944	0.256501	-0.301168	radar	0.0580566	-16.5958	10.1078	-16.7396	10.0743	4.95507	1.27113
1477010466100000	-16.4371	10.1805	5.25888	0.258248	-0.282467	lidar	1.26728	-16.5153	10.3091	-16.4915	10.1362	4.97469	1.20937
1477010466150000	-16.1795	10.2494	5.27258	0.242403	-0.288753	radar	0.528752	-16.09	10.5824	-16.2424	10.1952	4.99311	1.14883
1477010466200000	-15.9447	10.2726	5.2202	0.214974	-0.303647	lidar	0.721949	-16.006	10.1843	-15.9924	10.2511	5.01039	1.08956
1477010466250000	-15.6962	10.3393	5.20656	0.209814	-0.285348	radar	0.276647	-15.7234	10.41	-15.7416	10.3041	5.02655	1.03159
1477010466300000	-15.4754	10.3312	5.12491	0.174625	-0.309473	lidar	1.79884	-15.5699	10.1904	-15.4899	10.3543	5.04166	0.974957
1477010466350000	-15.1802	10.3544	5.21167	0.135537	-0.35629	radar	7.78825	-14.2385	10.9109	-15.2376	10.4016	5.05576	0.919692
1477010466400000	-14.9197	10.409	5.22633	0.126013	-0.346831	lidar	0.248717	-14.9365	10.4722	-14.9846	10.4462	5.06889	0.865828
1477010466450000	-14.6755	10.4464	5.1598	0.128028	-0.299873	radar	6.54985	-14.724	9.63507	-14.7309	10.4882	5.0811	0.813394
1477010466500000	-14.4328	10.411	5.10874	0.0873013	-0.329664	lidar	2.15776	-14.4088	10.222	-14.4766	10.5276	5.09243	0.762418
1477010466550000	-14.1723	10.4368	5.11252	0.0750223	-0.321174	radar	0.573432	-13.9005	10.5238	-14.2218	10.5645	5.10293	0.712926
1477010466600000	-13.8669	10.5875	5.2418	0.111197	-0.259488	lidar	7.86135	-13.8049	10.9383	-13.9665	10.5989	5.11263	0.664944
1477010466650000	-13.6108	10.6514	5.2149	0.126532	-0.206315	radar	2.13749	-13.3956	10.7857	-13.7107	10.631	5.12159	0.618496
1477010466700000	-13.361	10.649	5.18805	0.10277	-0.221864	lidar	0.567512	-13.3556	10.5517	-13.4545	10.6608	5.12983	0.573603
1477010466750000	-13.0974	10.6752	5.19987	0.0906566	-0.224884	radar	0.205682	-12.9374	10.8137	-13.1979	10.6884	5.13741	0.530288
1477010466800000	-12.842	10.7692	5.22439	0.108083	-0.192426	lidar	3.96966	-12.9591	11.0099	-12.9409	10.7138	5.14436	0.48857
1477010466850000	-12.5762	10.8216	5.23325	0.112554	-0.170101	radar	1.39058	-12.2518	11.2495	-12.6836	10.7373	5.15071	0.448467
1477010466900000	-12.3419	10.7866	5.1716	0.0795636	-0.197844	lidar	1.9716	-12.3713	10.6091	-12.426	10.7587	5.15651	0.409997
1477010466950000	-12.0842	10.8252	5.16177	0.0839851	-0.171312	radar	0.611829	-11.9352	10.9161	-12.1681	10.7783	5.16179	0.373177
1477010467000000	-11.8373	10.8887	5.16384	0.0924229	-0.152343	lidar	2.052	-11.9451	11.0515	-11.91	10.7961	5.16658	0.338022
1477010467050000	-11.5602	10.9099	5.19278	0.0835942	-0.153881	radar	2.64603	-10.9703	10.9676	-11.6516	10.8121	5.17092	0.304546
1477010467100000	-11.3312	10.9236	5.14758	0.073481	-0.156764	lidar	0.849695	-11.4548	10.9407	-11.393	10.8265	5.17484	0.272761
1477010467150000	-11.0674	10.8551	5.19677	0.00168048	-0.274956	radar	9.67943	-11.3472	10.5111	-11.1342	10.8394	5.17836	0.242681
1477010467200000	-10.777	10.8268	5.23222	-0.0227223	-0.28647	lidar	2.72257	-10.6009	10.6823	-10.8753	10.8509	5.18153	0.214317
1477010467250000	-10.5215	10.8232	5.22161	-0.0341958	-0.281403	radar	0.181406	-10.6563	10.8369	-10.6161	10.8609	5.18435	0.187679
1477010467300000	-10.2882	10.8172	5.18317	-0.046783	-0.280207	lidar	1.01782	-10.4142	10.8747	-10.3569	10.8697	5.18687	0.162776
1477010467350000	-10.0389	10.8733	5.12437	-0.0107785	-0.18831	radar	6.67029	-9.90413	11.2255	-10.0976	10.8772	5.1891	0.139618
1477010467400000	-9.77854	10.9198	5.14418	-0.000153234	-0.165431	lidar	2.0334	-9.83445	11.1032	-9.83809	10.8837	5.19106	0.118212
1477010467450000	-9.5469	10.9011	5.09767	-0.0139901	-0.168981	radar	4.00658	-10.195	10.3498	-9.57852	10.8891	5.19278	0.0985664
1477010467500000	-9.28657	10.9266	5.11359	-0.0105135	-0.15553	lidar	0.677212	-9.3066	11.0348	-9.31887	10.8936	5.19428	0.0806865
1477010467550000	-9.04024	10.9076	5.08703	-0.0204421	-0.151625	radar	2.65212	-9.2226	10.3527	-9.05915	10.8972	5.19557	0.0645787
1477010467600000	-8.77639	10.9383	5.11024	-0.0134246	-0.135298	lidar	0.996206	-8.78899	11.0707	-8.79937	10.9001	5.19667	0.050248
1477010467650000	-8.53608	10.896	5.07704	-0.0345837	-0.149906	radar	6.44319	-8.83914	10.0319	-8.53953	10.9023	5.19759	0.0376992
1477010467700000	-8.36824	10.8177	4.93423	-0.0711569	-0.182468	lidar	5.41323	-8.62045	10.6577	-8.27965	10.9039	5.19835	0.0269359
1477010467750000	-8.11668	10.8309	4.93029	-0.0599633	-0.147827	radar	1.47529	-7.91543	11.1157	-8.01974	10.905	5.19896	0.0179617
1477010467800000	-7.78434	10.8747	5.07102	-0.0408826	-0.117594	lidar	5.16482	-7.51971	11.0005	-7.75979	10.9057	5.19942	0.0107791
1477010467850000	-7.52169	10.876	5.06914	-0.0320318	-0.0864914	radar	2.06658	-7.25987	10.6458	-7.49981	10.9061	5.19975	0.00539029
1477010467900000	-7.24718	10.8631	5.10042	-0.0372831	-0.0874452	lidar	0.565587	-7.15631	10.815	-7.23983	10.9063	5.19994	0.00179692
1477010467950000	-7.0077	10.8977	5.05686	-0.0086078	-0.0258891	radar	3.76283	-7.39396	11.0181	-6.97983	10.9064	5.2	-7.84874e-15
